2 50 50

1.34692e+06 -3.89369e+06 5.44681e+06
3.78232e+07 -1.14576e+08 4.85284e+07
-5.49775e+06 -2.23717e+06 2.31504e+06
-2.60086e+06 -4.24939e+06 3.97088e+06
-2.45846e+06 -3.78148e+06 4.49956e+06
-2.45156e+06 -4.28866e+06 4.02329e+06
-2.35778e+06 -3.64555e+06 4.66267e+06
-2.34301e+06 -2.39096e+06 5.42063e+06
-2.03923e+06 -4.1374e+06 4.39467e+06
-1.9977e+06 -4.9262e+06 3.51161e+06
-1.7995e+06 -4.47807e+06 4.15913e+06
-1.64186e+06 -4.05823e+06 4.62869e+06
-1.4236e+06 -4.97628e+06 3.71478e+06
-1.26666e+06 -4.73248e+06 4.07294e+06
-1.2257e+06 -4.63841e+06 4.19195e+06
-817181 -4.48049e+06 4.45501e+06
-815444 -4.28324e+06 4.64527e+06
-742026 -5.4523e+06 3.21114e+06
-680294 -5.14307e+06 3.69806e+06
-560537 -4.78941e+06 4.16377e+06
-490614 -4.92402e+06 4.01286e+06
-300922 -4.75538e+06 4.22912e+06
-243365 -4.50233e+06 4.50104e+06
-212956 -5.23127e+06 3.63017e+06
-190276 -4.97731e+06 3.97239e+06
-109284 -5.49072e+06 3.22951e+06
-19451.3 -5.38394e+06 3.40624e+06
29875.5 -4.89584e+06 4.07671e+06
49996.9 -4.65352e+06 4.35108e+06
288549 -5.13534e+06 3.75961e+06
328896 -4.88432e+06 4.07737e+06
349238 -5.37016e+06 3.41014e+06
444724 -4.65843e+06 4.32329e+06
448294 -4.98677e+06 3.93964e+06
518014 -5.27196e+06 3.53945e+06
547341 -5.46559e+06 3.2276e+06
595054 -4.84677e+06 4.09198e+06
727017 -4.94322e+06 3.95293e+06
823087 -5.21727e+06 3.56262e+06
1.01836e+06 -5.06787e+06 3.72415e+06
1.09684e+06 -4.93123e+06 3.88195e+06
1.1038e+06 -4.73416e+06 4.11814e+06
1.15618e+06 -4.81626e+06 4.00706e+06
1.23487e+06 -4.78328e+06 4.02305e+06
1.27903e+06 -4.69343e+06 4.11406e+06
1.30859e+06 -4.49871e+06 4.31727e+06
1.36644e+06 -4.35285e+06 4.44693e+06
1.41434e+06 -4.53677e+06 4.24347e+06
1.46938e+06 -4.40407e+06 4.36288e+06
1.51258e+06 -4.50029e+06 4.24843e+06
1.53358e+06 -4.46078e+06 4.28243e+06
1.57641e+06 -4.27656e+06 4.45148e+06
1 2
1 3
1 4
1 5
1 6
1 7
1 8
1 9
1 10
1 11
1 12
1 13
1 14
1 15
1 16
1 17
1 18
1 19
1 20
1 21
1 22
1 23
1 24
1 25
1 26
1 27
1 28
1 29
1 30
1 31
1 32
1 33
1 34
1 35
1 36
1 37
1 38
1 39
1 40
1 41
1 42
1 43
1 44
1 45
1 46
1 47
1 48
1 49
2 3
2 4
7707240 -32 6940237 0 1
4229643 -12 2843378 0 1
3923112 -10 2432601 0 1
4075642 -11 2638778 0 1
3794904 -9 2256361 0 1
3984282 -11 2515727 0 1
3554210 -8 1917631 0 1
3999699 -11 2536584 0 1
3449581 -7 1767014 0 1
3103096 -5 1254113 0 1
3442052 -7 1756096 0 1
3069515 -4 1203471 0 1
2957643 -4 1034335 0 1
2451804 0 348686 0 1
2338811 1 253580 0 1
3433830 -7 1744159 0 1
2954441 -4 1029494 0 1
2467165 0 364016 0 1
2548400 0 454017 0 1
2222763 2 185813 0 1
1947804 5 101128 0 1
2742721 -2 714283 0 1
2389800 0 292651 0 1
3096362 -5 1243967 0 1
2872589 -3 906128 0 1
2148510 3 154821 0 1
1860100 6 86149 0 1
2347023 1 259457 0 1
1973097 4 106186 0 1
2706173 -2 662022 0 1
1631286 9 59617 0 1
2067348 3 128875 0 1
2494950 0 393158 0 1
2834630 -3 849358 0 1
1819133 6 80271 0 1
1928078 5 97432 0 1
2361454 0 270166 0 1
2110501 3 141788 0 1
1894161 5 91540 0 1
1590874 10 56171 0 1
1720581 8 68345 0 1
1682564 8 64423 0 1
1555771 10 53392 0 1
1281946 15 36680 0 1
1100444 20 28792 0.250001 1
1366063 13 41055 0 1
1204326 17 33080 0 1
1353338 14 40357 0 1
1308518 15 38004 0 1
1090846 20 28422 0.250001 1
128966333 8 66099 0 1
125663691 42 14795 0.849999 1
125843159 40 15459 0.849999 1
125562662 43 14445 0.849999 1
125873761 39 15578 0.849999 1
126716262 30 19752 0.849999 1
125432887 45 14019 0.849999 1
125040873 50 12869 0.849999 1
125140203 49 13143 0.849999 1
125294765 47 13591 0.849999 1
124742111 55 12110 0.849999 1
124779121 55 12199 0.849999 1
124806793 54 12267 0.849999 1
124725659 55 12071 0.849999 1
124832254 54 12330 0.849999 1
124293352 64 11121 0.849999 1
124369486 62 11278 0.849999 1
124477114 60 11506 0.849999 1
124390775 62 11322 0.849999 1
124404054 61 11350 0.849999 1
124513485 59 11586 0.849999 1
124172445 66 10881 0.849999 1
124266091 64 11066 0.849999 1
124058000 69 10663 0.849999 1
124060095 69 10667 0.849999 1
124233457 65 11001 0.849999 1
124343586 62 11224 0.849999 1
124057558 69 10662 0.849999 1
124152758 67 10843 0.849999 1
123958848 72 10481 0.849999 1
124229780 65 10994 0.849999 1
124075642 69 10696 0.849999 1
123947489 72 10461 0.849999 1
123881634 75 10343 0.849999 1
124100595 68 10743 0.849999 1
124025685 70 10603 0.849999 1
123895870 74 10369 0.849999 1
123911149 74 10396 0.849999 1
123951728 72 10468 0.849999 1
124039274 70 10628 0.849999 1
123990910 71 10539 0.849999 1
123991119 71 10540 0.849999 1
124025057 70 10602 0.849999 1
124116376 68 10773 0.849999 1
124182682 66 10901 0.849999 1
124077870 69 10700 0.849999 1
124136907 67 10813 0.849999 1
124079668 69 10704 0.849999 1
124096448 68 10735 0.849999 1
124187346 66 10910 0.849999 1
