4 50 50

-4.74088e+06 -1.36286e+06 4.74819e+06
3.78232e+07 -1.14576e+08 4.85284e+07
-3.8038e+07 -8.65628e+07 3.56886e+07
-2.67557e+06 -2.20296e+07 3.57293e+07
-5.49775e+06 -2.23717e+06 2.31504e+06
-2.60086e+06 -4.24939e+06 3.97088e+06
-2.45846e+06 -3.78148e+06 4.49956e+06
-2.45156e+06 -4.28866e+06 4.02329e+06
-2.35778e+06 -3.64555e+06 4.66267e+06
-2.34301e+06 -2.39096e+06 5.42063e+06
-2.03923e+06 -4.1374e+06 4.39467e+06
-1.9977e+06 -4.9262e+06 3.51161e+06
-1.7995e+06 -4.47807e+06 4.15913e+06
-1.64186e+06 -4.05823e+06 4.62869e+06
-1.4236e+06 -4.97628e+06 3.71478e+06
-1.26666e+06 -4.73248e+06 4.07294e+06
-1.2257e+06 -4.63841e+06 4.19195e+06
-817181 -4.48049e+06 4.45501e+06
-815444 -4.28324e+06 4.64527e+06
-742026 -5.4523e+06 3.21114e+06
-680294 -5.14307e+06 3.69806e+06
-560537 -4.78941e+06 4.16377e+06
-490614 -4.92402e+06 4.01286e+06
-300922 -4.75538e+06 4.22912e+06
-243365 -4.50233e+06 4.50104e+06
-212956 -5.23127e+06 3.63017e+06
-190276 -4.97731e+06 3.97239e+06
-109284 -5.49072e+06 3.22951e+06
-19451.3 -5.38394e+06 3.40624e+06
29875.5 -4.89584e+06 4.07671e+06
49996.9 -4.65352e+06 4.35108e+06
288549 -5.13534e+06 3.75961e+06
328896 -4.88432e+06 4.07737e+06
349238 -5.37016e+06 3.41014e+06
444724 -4.65843e+06 4.32329e+06
448294 -4.98677e+06 3.93964e+06
518014 -5.27196e+06 3.53945e+06
547341 -5.46559e+06 3.2276e+06
595054 -4.84677e+06 4.09198e+06
727017 -4.94322e+06 3.95293e+06
823087 -5.21727e+06 3.56262e+06
1.01836e+06 -5.06787e+06 3.72415e+06
1.09684e+06 -4.93123e+06 3.88195e+06
1.1038e+06 -4.73416e+06 4.11814e+06
1.15618e+06 -4.81626e+06 4.00706e+06
1.23487e+06 -4.78328e+06 4.02305e+06
1.27903e+06 -4.69343e+06 4.11406e+06
1.30859e+06 -4.49871e+06 4.31727e+06
1.36644e+06 -4.35285e+06 4.44693e+06
1.41434e+06 -4.53677e+06 4.24347e+06
1.46938e+06 -4.40407e+06 4.36288e+06
1.51258e+06 -4.50029e+06 4.24843e+06
1.53358e+06 -4.46078e+06 4.28243e+06
1.57641e+06 -4.27656e+06 4.45148e+06
0 1
0 2
0 3
0 4
0 5
0 6
0 7
0 8
0 9
0 10
0 11
0 12
0 13
0 14
0 15
0 16
0 17
0 18
0 19
0 20
0 21
0 22
0 23
0 24
0 25
0 26
0 27
0 28
0 29
0 30
0 31
0 32
0 33
0 34
0 35
0 36
0 37
0 38
0 39
0 40
0 41
0 42
0 43
0 44
0 45
0 46
0 47
0 48
0 49
1 2
2693968 -1 579518 0 1
3676403 -8 2028610 0 1
3334814 -6 1532165 0 1
3785074 -9 2181976 0 1
3301077 -6 1481972 0 1
2694240 -1 579886 0 1
3888693 -10 2326245 0 1
4663853 -15 3353412 0 1
4324721 -13 2914268 0 1
4108920 -11 2626878 0 1
5012896 -17 3791951 0 1
4886766 -16 3634893 0 1
4836851 -16 3572311 0 1
5020055 -17 3800820 0 1
4893694 -16 3643558 0 1
5922573 -22 4886789 0 1
5646340 -20 4560474 0 1
5436731 -19 4309550 0 1
5593506 -20 4497510 0 1
5611760 -20 4519285 0 1
5490449 -19 4374148 0 1
6059425 -23 5046797 0 1
5862942 -22 4816738 0 1
6387274 -25 5426152 0 1
6345219 -24 5377783 0 1
5974355 -22 4947455 0 1
5825686 -21 4772864 0 1
6364281 -24 5399717 0 1
6209131 -24 5220685 0 1
6614993 -26 5686690 0 1
6158884 -23 5162450 0 1
6380754 -25 5418659 0 1
6663192 -26 5741552 0 1
6863664 -27 5968747 0 1
6406283 -25 5447989 0 1
6584020 -26 5651385 0 1
6871667 -27 5977784 0 1
6924207 -28 6037060 0 1
6896569 -28 6005891 0 1
6776642 -27 5870316 0 1
6873903 -27 5980309 0 1
6923490 -28 6036251 0 1
6908993 -28 6019905 0 1
6827541 -27 5927922 0 1
6806629 -27 5904267 0 1
6943715 -28 6059042 0 1
6925665 -28 6038702 0 1
7014198 -28 6138355 0 1
7013050 -28 6137064 0 1
6963178 -28 6080961 0 1
128966333 8 66099 0 1
125663691 42 14795 0.849999 1
125843159 40 15459 0.849999 1
125562662 43 14445 0.849999 1
125873761 39 15578 0.849999 1
126716262 30 19752 0.849999 1
125432887 45 14019 0.849999 1
125040873 50 12869 0.849999 1
125140203 49 13143 0.849999 1
125294765 47 13591 0.849999 1
124742111 55 12110 0.849999 1
124779121 55 12199 0.849999 1
124806793 54 12267 0.849999 1
124725659 55 12071 0.849999 1
124832254 54 12330 0.849999 1
124293352 64 11121 0.849999 1
124369486 62 11278 0.849999 1
124477114 60 11506 0.849999 1
124390775 62 11322 0.849999 1
124404054 61 11350 0.849999 1
124513485 59 11586 0.849999 1
124172445 66 10881 0.849999 1
124266091 64 11066 0.849999 1
124058000 69 10663 0.849999 1
124060095 69 10667 0.849999 1
124233457 65 11001 0.849999 1
124343586 62 11224 0.849999 1
124057558 69 10662 0.849999 1
124152758 67 10843 0.849999 1
123958848 72 10481 0.849999 1
124229780 65 10994 0.849999 1
124075642 69 10696 0.849999 1
123947489 72 10461 0.849999 1
123881634 75 10343 0.849999 1
124100595 68 10743 0.849999 1
124025685 70 10603 0.849999 1
123895870 74 10369 0.849999 1
123911149 74 10396 0.849999 1
123951728 72 10468 0.849999 1
124039274 70 10628 0.849999 1
123990910 71 10539 0.849999 1
123991119 71 10540 0.849999 1
124025057 70 10602 0.849999 1
124116376 68 10773 0.849999 1
124182682 66 10901 0.849999 1
124077870 69 10700 0.849999 1
124136907 67 10813 0.849999 1
124079668 69 10704 0.849999 1
124096448 68 10735 0.849999 1
124187346 66 10910 0.849999 1
96350846 46 13790 0.849999 1
95064792 69 10663 0.849998 1
95348932 62 11229 0.849998 1
95069093 69 10671 0.849998 1
95451397 60 11448 0.849998 1
96307802 47 13657 0.849999 1
95232247 65 10990 0.849998 1
94862051 76 10292 0.849998 1
95106528 68 10743 0.849998 1
95375123 62 11284 0.849998 1
94970054 72 10487 0.849998 1
95120421 68 10770 0.849998 1
95177741 66 10881 0.849998 1
95385770 62 11307 0.849998 1
95494217 60 11541 0.849998 1
94998421 71 10539 0.849998 1
95121905 68 10773 0.849998 1
95316707 63 11162 0.849998 1
95278866 64 11084 0.849998 1
95426685 61 11394 0.849998 1
95577352 58 11728 0.849998 1
95253910 64 11033 0.849998 1
95365472 62 11264 0.849998 1
95209637 65 10945 0.849998 1
95276338 64 11079 0.849998 1
95488116 60 11528 0.849998 1
95613171 57 11810 0.849998 1
95492555 60 11538 0.849998 1
95617339 57 11820 0.849998 1
95434460 61 11411 0.849998 1
95775989 55 12198 0.849998 1
95623490 57 11834 0.849998 1
95542380 59 11649 0.849998 1
95495104 60 11543 0.849998 1
95751658 55 12138 0.849998 1
95768717 55 12180 0.849998 1
95704598 56 12025 0.849998 1
95856987 53 12400 0.849998 1
95952717 52 12648 0.849998 1
96045374 50 12897 0.849998 1
96033394 50 12864 0.849998 1
96088330 50 13016 0.849998 1
96152939 49 13198 0.849998 1
96264432 47 13525 0.849998 1
96370329 46 13851 0.849999 1
96299356 47 13631 0.849998 1
96396075 45 13933 0.849999 1
96369087 46 13847 0.849999 1
96400264 45 13946 0.849999 1
96519935 44 14338 0.849999 1
38938588 25 23296 0.849989 1
36396914 60 11484 0.849988 1
36170903 65 10968 0.849988 1
36332608 61 11333 0.849988 1
36099950 67 10815 0.849988 1
36116459 67 10850 0.849988 1
36088659 67 10791 0.849988 1
36482351 58 11691 0.849988 1
36131649 66 10883 0.849988 1
35934433 72 10472 0.849987 1
36294750 62 11246 0.849988 1
36101205 67 10818 0.849988 1
36043813 69 10697 0.849988 1
35909648 73 10423 0.849987 1
35841409 76 10288 0.849987 1
36550956 57 11862 0.849988 1
36264761 63 11177 0.849988 1
36028830 69 10665 0.849988 1
36101308 67 10818 0.849988 1
36004104 70 10614 0.849987 1
35893191 74 10390 0.849987 1
36312520 62 11286 0.849988 1
36131087 66 10882 0.849988 1
36556167 57 11875 0.849988 1
36454215 59 11622 0.849988 1
36093884 67 10802 0.849988 1
35971460 71 10547 0.849987 1
36280294 63 11212 0.849988 1
36122417 66 10863 0.849988 1
36485764 58 11699 0.849988 1
36025373 69 10658 0.849988 1
36204909 64 11043 0.849988 1
36430762 59 11565 0.849988 1
36621180 56 12042 0.849988 1
36150557 66 10924 0.849988 1
36238876 64 11119 0.849988 1
36463501 59 11645 0.849988 1
36409774 60 11515 0.849988 1
36343302 61 11358 0.849988 1
36230902 64 11101 0.849988 1
36294329 62 11245 0.849988 1
36304403 62 11268 0.849988 1
36272606 63 11195 0.849988 1
36192783 65 11016 0.849988 1
36157829 66 10940 0.849988 1
36250250 63 11144 0.849988 1
36217245 64 11071 0.849988 1
36274772 63 11200 0.849988 1
36266822 63 11182 0.849988 1
36215310 64 11066 0.849988 1
