8 50 50

-1.23216e+06 -6.14835e+06 2.95619e+06
3.78232e+07 -1.14576e+08 4.85284e+07
-3.8038e+07 -8.65628e+07 3.56886e+07
-2.67557e+06 -2.20296e+07 3.57293e+07
-2.21357e+07 -6.17411e+07 4.57542e+07
-2.65363e+07 -9.3662e+06 9.14574e+06
1.43679e+07 -2.03313e+07 9.1748e+06
-6.88342e+06 -1.6809e+07 1.94614e+07
-5.49775e+06 -2.23717e+06 2.31504e+06
-2.60086e+06 -4.24939e+06 3.97088e+06
-2.45846e+06 -3.78148e+06 4.49956e+06
-2.45156e+06 -4.28866e+06 4.02329e+06
-2.35778e+06 -3.64555e+06 4.66267e+06
-2.34301e+06 -2.39096e+06 5.42063e+06
-2.03923e+06 -4.1374e+06 4.39467e+06
-1.9977e+06 -4.9262e+06 3.51161e+06
-1.7995e+06 -4.47807e+06 4.15913e+06
-1.64186e+06 -4.05823e+06 4.62869e+06
-1.4236e+06 -4.97628e+06 3.71478e+06
-1.26666e+06 -4.73248e+06 4.07294e+06
-1.2257e+06 -4.63841e+06 4.19195e+06
-817181 -4.48049e+06 4.45501e+06
-815444 -4.28324e+06 4.64527e+06
-742026 -5.4523e+06 3.21114e+06
-680294 -5.14307e+06 3.69806e+06
-560537 -4.78941e+06 4.16377e+06
-490614 -4.92402e+06 4.01286e+06
-300922 -4.75538e+06 4.22912e+06
-243365 -4.50233e+06 4.50104e+06
-212956 -5.23127e+06 3.63017e+06
-190276 -4.97731e+06 3.97239e+06
-109284 -5.49072e+06 3.22951e+06
-19451.3 -5.38394e+06 3.40624e+06
29875.5 -4.89584e+06 4.07671e+06
49996.9 -4.65352e+06 4.35108e+06
288549 -5.13534e+06 3.75961e+06
328896 -4.88432e+06 4.07737e+06
349238 -5.37016e+06 3.41014e+06
444724 -4.65843e+06 4.32329e+06
448294 -4.98677e+06 3.93964e+06
518014 -5.27196e+06 3.53945e+06
547341 -5.46559e+06 3.2276e+06
595054 -4.84677e+06 4.09198e+06
727017 -4.94322e+06 3.95293e+06
823087 -5.21727e+06 3.56262e+06
1.01836e+06 -5.06787e+06 3.72415e+06
1.09684e+06 -4.93123e+06 3.88195e+06
1.1038e+06 -4.73416e+06 4.11814e+06
1.15618e+06 -4.81626e+06 4.00706e+06
1.23487e+06 -4.78328e+06 4.02305e+06
1.27903e+06 -4.69343e+06 4.11406e+06
1.30859e+06 -4.49871e+06 4.31727e+06
1.36644e+06 -4.35285e+06 4.44693e+06
1.41434e+06 -4.53677e+06 4.24347e+06
1.46938e+06 -4.40407e+06 4.36288e+06
1.51258e+06 -4.50029e+06 4.24843e+06
1.53358e+06 -4.46078e+06 4.28243e+06
1.57641e+06 -4.27656e+06 4.45148e+06
0 1
0 2
0 3
0 4
0 5
0 6
0 7
0 8
0 9
0 10
0 11
0 12
0 13
0 14
0 15
0 16
0 17
0 18
0 19
0 20
0 21
0 22
0 23
0 24
0 25
0 26
0 27
0 28
0 29
0 30
0 31
0 32
0 33
0 34
0 35
0 36
0 37
0 38
0 39
0 40
0 41
0 42
0 43
0 44
0 45
0 46
0 47
0 48
0 49
1 2
5822685 -20 4567712 0 1
2551273 1 215397 0 1
3080239 -2 812159 0 1
2466594 2 173436 0 1
3231586 -4 1042401 0 1
4628766 -13 3056691 0 1
2600873 1 246382 0 1
1545383 14 38333 0 1
2135133 6 87867 0 1
2708085 0 332847 0 1
1409203 17 32496 0 1
1803612 10 53326 0 1
1951175 8 65635 0 1
2280451 4 114878 0 1
2550553 1 214985 0 1
888664 36 16925 0.25 1
1365837 18 30845 0 1
1938058 8 64383 0 1
1779168 10 51607 0 1
2104267 6 83400 0 1
2464482 2 172541 0 1
1527769 15 37515 0 1
1868028 9 58254 0 1
1329678 19 29534 0 1
1502510 15 36377 0 1
2101690 6 83043 0 1
2413338 3 152777 0 1
1996054 7 70202 0 1
2300374 4 119575 0 1
1820022 10 54524 0 1
2626933 0 264847 0 1
2267240 4 111920 0 1
2042391 7 75435 0 1
1925215 8 63191 0 1
2514527 2 195642 0 1
2506833 2 191820 0 1
2336389 3 128853 0 1
2611910 1 254010 0 1
2786154 0 413487 0 1
2967620 -2 647453 0 1
2929672 -1 594457 0 1
3014608 -2 715054 0 1
3124672 -3 879118 0 1
3321032 -4 1179853 0 1
3492688 -6 1442382 0 1
3355335 -5 1232531 0 1
3509934 -6 1468560 0 1
3452478 -5 1381180 0 1
3500873 -6 1454812 0 1
3691556 -7 1741288 0 1
128966333 8 66099 0 1
125663691 42 14795 0.849999 1
125843159 40 15459 0.849999 1
125562662 43 14445 0.849999 1
125873761 39 15578 0.849999 1
126716262 30 19752 0.849999 1
125432887 45 14019 0.849999 1
125040873 50 12869 0.849999 1
125140203 49 13143 0.849999 1
125294765 47 13591 0.849999 1
124742111 55 12110 0.849999 1
124779121 55 12199 0.849999 1
124806793 54 12267 0.849999 1
124725659 55 12071 0.849999 1
124832254 54 12330 0.849999 1
124293352 64 11121 0.849999 1
124369486 62 11278 0.849999 1
124477114 60 11506 0.849999 1
124390775 62 11322 0.849999 1
124404054 61 11350 0.849999 1
124513485 59 11586 0.849999 1
124172445 66 10881 0.849999 1
124266091 64 11066 0.849999 1
124058000 69 10663 0.849999 1
124060095 69 10667 0.849999 1
124233457 65 11001 0.849999 1
124343586 62 11224 0.849999 1
124057558 69 10662 0.849999 1
124152758 67 10843 0.849999 1
123958848 72 10481 0.849999 1
124229780 65 10994 0.849999 1
124075642 69 10696 0.849999 1
123947489 72 10461 0.849999 1
123881634 75 10343 0.849999 1
124100595 68 10743 0.849999 1
124025685 70 10603 0.849999 1
123895870 74 10369 0.849999 1
123911149 74 10396 0.849999 1
123951728 72 10468 0.849999 1
124039274 70 10628 0.849999 1
123990910 71 10539 0.849999 1
123991119 71 10540 0.849999 1
124025057 70 10602 0.849999 1
124116376 68 10773 0.849999 1
124182682 66 10901 0.849999 1
124077870 69 10700 0.849999 1
124136907 67 10813 0.849999 1
124079668 69 10704 0.849999 1
124096448 68 10735 0.849999 1
124187346 66 10910 0.849999 1
96350846 46 13790 0.849999 1
95064792 69 10663 0.849998 1
95348932 62 11229 0.849998 1
95069093 69 10671 0.849998 1
95451397 60 11448 0.849998 1
96307802 47 13657 0.849999 1
95232247 65 10990 0.849998 1
94862051 76 10292 0.849998 1
95106528 68 10743 0.849998 1
95375123 62 11284 0.849998 1
94970054 72 10487 0.849998 1
95120421 68 10770 0.849998 1
95177741 66 10881 0.849998 1
95385770 62 11307 0.849998 1
95494217 60 11541 0.849998 1
94998421 71 10539 0.849998 1
95121905 68 10773 0.849998 1
95316707 63 11162 0.849998 1
95278866 64 11084 0.849998 1
95426685 61 11394 0.849998 1
95577352 58 11728 0.849998 1
95253910 64 11033 0.849998 1
95365472 62 11264 0.849998 1
95209637 65 10945 0.849998 1
95276338 64 11079 0.849998 1
95488116 60 11528 0.849998 1
95613171 57 11810 0.849998 1
95492555 60 11538 0.849998 1
95617339 57 11820 0.849998 1
95434460 61 11411 0.849998 1
95775989 55 12198 0.849998 1
95623490 57 11834 0.849998 1
95542380 59 11649 0.849998 1
95495104 60 11543 0.849998 1
95751658 55 12138 0.849998 1
95768717 55 12180 0.849998 1
95704598 56 12025 0.849998 1
95856987 53 12400 0.849998 1
95952717 52 12648 0.849998 1
96045374 50 12897 0.849998 1
96033394 50 12864 0.849998 1
96088330 50 13016 0.849998 1
96152939 49 13198 0.849998 1
96264432 47 13525 0.849998 1
96370329 46 13851 0.849999 1
96299356 47 13631 0.849998 1
96396075 45 13933 0.849999 1
96369087 46 13847 0.849999 1
96400264 45 13946 0.849999 1
96519935 44 14338 0.849999 1
38938588 25 23296 0.849989 1
36396914 60 11484 0.849988 1
36170903 65 10968 0.849988 1
36332608 61 11333 0.849988 1
36099950 67 10815 0.849988 1
36116459 67 10850 0.849988 1
36088659 67 10791 0.849988 1
36482351 58 11691 0.849988 1
36131649 66 10883 0.849988 1
35934433 72 10472 0.849987 1
36294750 62 11246 0.849988 1
36101205 67 10818 0.849988 1
36043813 69 10697 0.849988 1
35909648 73 10423 0.849987 1
35841409 76 10288 0.849987 1
36550956 57 11862 0.849988 1
36264761 63 11177 0.849988 1
36028830 69 10665 0.849988 1
36101308 67 10818 0.849988 1
36004104 70 10614 0.849987 1
35893191 74 10390 0.849987 1
36312520 62 11286 0.849988 1
36131087 66 10882 0.849988 1
36556167 57 11875 0.849988 1
36454215 59 11622 0.849988 1
36093884 67 10802 0.849988 1
35971460 71 10547 0.849987 1
36280294 63 11212 0.849988 1
36122417 66 10863 0.849988 1
36485764 58 11699 0.849988 1
36025373 69 10658 0.849988 1
36204909 64 11043 0.849988 1
36430762 59 11565 0.849988 1
36621180 56 12042 0.849988 1
36150557 66 10924 0.849988 1
36238876 64 11119 0.849988 1
36463501 59 11645 0.849988 1
36409774 60 11515 0.849988 1
36343302 61 11358 0.849988 1
36230902 64 11101 0.849988 1
36294329 62 11245 0.849988 1
36304403 62 11268 0.849988 1
36272606 63 11195 0.849988 1
36192783 65 11016 0.849988 1
36157829 66 10940 0.849988 1
36250250 63 11144 0.849988 1
36217245 64 11071 0.849988 1
36274772 63 11200 0.849988 1
36266822 63 11182 0.849988 1
36215310 64 11066 0.849988 1
75528167 42 14784 0.849997 1
73707242 79 10185 0.849997 1
73813694 74 10376 0.849997 1
73686643 80 10149 0.849997 1
73856468 73 10455 0.849997 1
74437834 59 11651 0.849997 1
73706649 79 10184 0.849997 1
73606474 87 10010 0.849997 1
73639462 83 10067 0.849997 1
73747026 77 10256 0.849997 1
73610819 86 10017 0.849997 1
73639877 83 10067 0.849997 1
73657114 82 10097 0.849997 1
73748796 77 10259 0.849997 1
73796393 75 10344 0.849997 1
73729466 77 10224 0.849997 1
73704780 79 10181 0.849997 1
73747888 77 10257 0.849997 1
73749815 77 10260 0.849997 1
73813730 74 10376 0.849997 1
73874068 72 10487 0.849997 1
73813320 74 10375 0.849997 1
73820419 74 10388 0.849997 1
73875722 72 10491 0.849997 1
73882422 72 10503 0.849997 1
73889882 71 10517 0.849997 1
73928478 70 10590 0.849997 1
73963566 69 10657 0.849997 1
73988612 69 10705 0.849997 1
74001886 68 10731 0.849997 1
74059644 67 10845 0.849997 1
74023998 68 10774 0.849997 1
74054329 67 10834 0.849997 1
74094330 66 10914 0.849997 1
74090459 66 10907 0.849997 1
74135373 65 10998 0.849997 1
74176702 64 11083 0.849997 1
74259649 62 11257 0.849997 1
74299406 61 11343 0.849997 1
74319797 61 11387 0.849997 1
74335571 61 11422 0.849997 1
74376540 60 11513 0.849997 1
74408285 59 11584 0.849997 1
74453670 58 11687 0.849997 1
74512127 57 11823 0.849997 1
74498895 57 11792 0.849997 1
74551866 57 11917 0.849997 1
74555249 56 11925 0.849997 1
74573330 56 11968 0.849997 1
74634828 55 12118 0.849997 1
23240059 84 10043 0.849966 1
25017282 40 15229 0.849971 1
25149883 39 15811 0.849971 1
25141476 39 15773 0.849971 1
25247228 37 16265 0.849972 1
25452772 35 17305 0.849972 1
25495443 34 17537 0.849972 1
25565561 33 17931 0.849973 1
25703451 32 18754 0.849973 1
25851686 30 19721 0.849973 1
26065543 27 21293 0.849974 1
26186967 26 22295 0.849974 1
26220539 26 22587 0.849974 1
26595944 22 26431 0.849975 1
26601713 22 26500 0.849975 1
26755945 20 28471 0.849975 1
26758981 20 28513 0.849975 1
26842229 19 29701 0 1
26915706 18 30830 0 1
27087374 17 33816 0 1
27139395 16 34833 0 1
27210946 15 36331 0 1
27205457 15 36212 0 1
27357015 14 39807 0 1
27421551 13 41553 0 1
27412385 13 41296 0 1
27423115 13 41597 0 1
27685393 11 50527 0 1
27704013 11 51302 0 1
27779408 10 54686 0 1
27809938 10 56180 0 1
27828925 9 57150 0 1
27930755 8 62944 0 1
27995725 8 67262 0 1
27965584 8 65191 0 1
28103635 7 75814 0 1
28229750 6 88794 0 1
28409975 4 116366 0 1
28477443 3 131005 0 1
28472890 3 129917 0 1
28530321 3 144898 0 1
28609104 2 170801 0 1
28650363 2 187521 0 1
28676507 1 199477 0 1
28736272 1 231461 0 1
28785271 0 263299 0 1
28841197 0 306801 0 1
28885951 0 347612 0 1
28907277 0 368999 0 1
28952770 0 418790 0 1
27732573 -17 3845004 0 1
23950898 17 33731 0 1
24059900 16 35939 0 1
23807487 18 31192 0 1
24052447 16 35779 0 1
24803269 8 63565 0 1
23543239 21 27356 0.849967 1
23178005 25 23327 0.849965 1
23191915 25 23460 0.849965 1
23276393 24 24297 0.849966 1
22692682 30 19438 0.849964 1
22666932 31 19266 0.849964 1
22677169 31 19334 0.849964 1
22452385 33 17930 0.849963 1
22551918 32 18528 0.849963 1
22028569 39 15739 0.849961 1
22070869 38 15935 0.849961 1
22125035 38 16193 0.849961 1
22018258 39 15692 0.849961 1
21959999 40 15430 0.849961 1
22042853 39 15805 0.849961 1
21710677 43 14393 0.84996 1
21788734 42 14704 0.84996 1
21567951 46 13855 0.849959 1
21533555 46 13730 0.849959 1
21675361 44 14257 0.849959 1
21772958 43 14640 0.84996 1
21411862 48 13306 0.849958 1
21486855 47 13565 0.849959 1
21297609 50 12928 0.849958 1
21518106 46 13675 0.849959 1
21368553 49 13160 0.849958 1
21221648 51 12687 0.849957 1
21150997 53 12470 0.849957 1
21337644 49 13058 0.849958 1
21216334 52 12671 0.849957 1
21056844 55 12191 0.849956 1
20997388 56 12020 0.849956 1
21007037 56 12048 0.849956 1
21089699 54 12287 0.849957 1
21023079 55 12094 0.849956 1
20994192 56 12011 0.849956 1
21011208 55 12060 0.849956 1
21090527 54 12290 0.849957 1
21135273 53 12423 0.849957 1
21013764 55 12067 0.849956 1
21052343 55 12178 0.849956 1
20979695 56 11970 0.849956 1
20988729 56 11996 0.849956 1
21063832 54 12211 0.849956 1
22544527 33 17942 0.849963 1
20397067 75 10311 0.849953 1
20326169 79 10159 0.849953 1
20365051 77 10242 0.849953 1
20316501 80 10138 0.849953 1
20631003 67 10841 0.849954 1
20274169 84 10050 0.849952 1
20480891 72 10496 0.849953 1
20299200 81 10102 0.849952 1
20250073 89 10000 0.849952 1
20439635 73 10404 0.849953 1
20351778 78 10213 0.849953 1
20329510 79 10166 0.849953 1
20346576 78 10202 0.849953 1
20328121 79 10163 0.849953 1
20754806 63 11141 0.849955 1
20568311 69 10694 0.849954 1
20456458 73 10441 0.849953 1
20512879 71 10568 0.849954 1
20509541 71 10560 0.849954 1
20478195 72 10490 0.849953 1
20716338 64 11046 0.849955 1
20608167 67 10787 0.849954 1
20915701 59 11553 0.849956 1
20866579 61 11424 0.849955 1
20649595 66 10885 0.849954 1
20594892 68 10756 0.849954 1
20838848 61 11353 0.849955 1
20757744 63 11148 0.849955 1
20995266 58 11767 0.849956 1
20748497 63 11125 0.849955 1
20843319 61 11364 0.849955 1
21009351 57 11805 0.849956 1
21152432 54 12210 0.849957 1
20862436 61 11414 0.849955 1
20957766 58 11665 0.849956 1
21131245 55 12148 0.849957 1
21164907 54 12246 0.849957 1
21153843 54 12214 0.849957 1
21095334 56 12045 0.849957 1
21149407 55 12201 0.849957 1
21186480 54 12309 0.849957 1
21188525 54 12315 0.849957 1
21165931 54 12249 0.849957 1
21181362 54 12294 0.849957 1
21237839 53 12463 0.849957 1
21251278 53 12503 0.849957 1
21293931 52 12634 0.849958 1
21300828 52 12655 0.849958 1
21305599 52 12670 0.849958 1
