50
349238.08 -5370159.58 3410140.74
-2343014.67 -2390959.38 5420630.64
-1997702.26 -4926197.62 3511609.84
-212955.54 -5231266.52 3630171.01
-2600859.48 -4249388.30 3970877.74
-1266662.70 -4732480.23 4072939.66
1414340.36 -4536766.44 4243469.41
1234870.51 -4783281.38 4023052.96
547340.54 -5465590.75 3227596.19
518014.17 -5271964.55 3539448.00
-5497751.77 -2237171.24 2315044.56
-2039229.14 -4137395.41 4394672.31
29875.45 -4895835.18 4076707.78
328895.72 -4884318.07 4077365.03
-300921.79 -4755378.81 4229120.41
-490614.12 -4924015.33 4012855.82
448294.06 -4986772.19 3939641.68
-109283.79 -5490715.68 3229510.70
1576410.70 -4276555.69 4451476.36
1156178.55 -4816258.69 4007061.82
1533575.87 -4460781.77 4282430.62
444724.32 -4658433.93 4323292.10
-243364.85 -4502334.41 4501044.25
-19451.35 -5383939.33 3406238.39
-190276.49 -4977306.92 3972386.14
-1641857.57 -4058226.71 4628686.72
-560536.90 -4789408.30 4163773.24
-2451557.37 -4288662.15 4023292.73
1469384.02 -4404071.62 4362878.03
1279034.58 -4693425.80 4114057.10
-1423597.55 -4976284.76 3714781.42
1308585.75 -4498712.19 4317271.47
1018364.12 -5067868.02 3724149.47
-815444.47 -4283236.49 4645274.64
595053.58 -4846774.95 4091982.99
-680294.50 -5143074.55 3698056.87
-2458459.64 -3781481.27 4499557.38
1103797.04 -4734156.38 4118135.07
1512579.06 -4500287.42 4248430.14
823086.62 -5217271.56 3562617.99
-817181.16 -4480485.07 4455009.48
288548.73 -5135341.51 3759607.46
-742025.62 -5452301.17 3211144.81
-1799501.71 -4478067.27 4159128.28
1366442.08 -4352850.31 4446928.29
1096840.71 -4931234.18 3881946.79
-2357784.43 -3645545.61 4662669.91
727016.51 -4943220.85 3952930.00
49996.87 -4653515.37 4351084.46
-1225697.36 -4638408.94 4191952.94
