60
2720630.2217127373 4455794.453280271 -4447309.1124330405
-132914408.51054808 -144727204.52486336 -128087142.10699248
37823221.435992904 -114575638.59217678 48528431.07517122
22240347.56415808 -83251441.32572672 -71222208.99377581
-38038049.85652748 -86562840.37223715 35688630.28761458
70909610.02001628 35499085.46079993 1094433.2582816563
58200331.80609739 -43849225.280672304 4140458.9779577362
2781903.2281201473 59877134.70599301 -1070653.014046687
-19444988.23869563 6372622.944488267 40335395.44709927
-22355701.476756364 -37229590.36672489 -1284362.6030989655
-42004311.12665094 3656778.390897623 5870.891350310366
20218717.649384014 -9702567.830152098 32313460.655659445
41453943.7143185 -7152951.924805001 -2688649.288717567
16883750.4896702 -38518767.32663102 -26271.823270728848
25637995.808296446 30983341.656809136 12879411.381993705
-7533721.2975096945 27870861.06036477 -30616282.701972634
-23441286.711233214 35086782.06415307 451961.37261462864
-22135681.422403753 -61741146.81993149 45754200.37906497
-9515991.264931155 -16737789.340083946 22479292.558704093
248794.12670946246 -21908684.548286807 -19891126.520098403
-5007722.759909736 21797964.734381758 19391143.603881035
-15491152.026621467 -1205448.675578836 -23116164.35652865
1917864.0711513578 34699450.87357057 -6458478.986666299
16690665.870810729 -3757703.2697128938 -24141919.0621691
-24744149.67978605 -12824651.688248467 1889182.1740494377
24849683.779477887 31905986.21539712 -11666394.082021765
38792865.695107326 16507179.642483614 -12050.962065643942
-26809183.284544315 24847614.240695924 26782942.497478537
16410765.587296955 -19208158.033007137 11871848.553963983
63400882.847906195 -22087489.086270638 3459716.8305997555
-21247861.515460584 1724275.3118363558 18028963.275547706
-28782091.905165695 16024412.522239784 -21657058.48956951
14731029.07631948 12630382.154520813 20050796.100139845
10052413.840340808 16673545.428141726 -22303012.22623978
-128105.31213192771 -7235899.84753714 38506728.420386516
33377187.740412105 -25749234.13897415 204.51015082312418
457393.0603096481 -40447228.18170054 -11881700.086539958
-1673705.8807398214 -14341040.788848361 -4879.466375349059
25277164.10116913 3828437.110829408 -8097032.54687154
-23923972.69758789 8836863.466128172 338078.6881562698
27830737.157711137 -3555427.7511996706 9437756.338954475
-10087871.07873379 16637785.67686808 -16412219.948815461
-35754475.62159632 22356459.021546442 -900852.2634227227
-8224806.347809885 19939334.289106354 38990316.02581598
-13705431.949478261 -18357454.122469466 -11218528.032268742
2654060.365782398 20064902.08053849 961037.3427942813
10429635.706487747 40382330.23631117 6241464.04195595
-14463149.351740422 20992329.56976208 6209560.478083075
10412272.84147301 -23693661.16393757 -5480666.843937447
-35943273.1289162 -20841770.83470565 -6653330.155527376
-9856139.050447749 3503912.70465106 5947307.669704439
49688974.7537261 -30163304.55545393 5519823.617468861
-8784585.484608429 37364155.16644723 -17687779.691341504
25254078.251113996 -11059722.448277032 -4346315.642159316
-2675567.8487621085 -22029556.44057488 35729269.376583405
16406137.400895776 20188858.773697194 -5605079.577612391
14807113.954312613 -70781321.72968072 -66782357.99989465
41537461.181930505 2498100.164131893 9479349.157168113
-8301155.586578941 41306234.876055464 2090547.6708219154
-8050621.025029984 -41383355.65437286 3226.4656505376447
